t 1 2 jV0100 
0 5 4.90163 -170.492
1e-07 5 4.54393 -0.456066
2e-07 5 4.54393 -0.456066
3e-07 5 4.54393 -0.456066
4e-07 5 4.54393 -0.456066
5e-07 5 4.54393 -0.456066
6e-07 5 4.54393 -0.456066
7e-07 5 4.54393 -0.456066
8e-07 5 4.54393 -0.456066
9e-07 5 4.54393 -0.456066
1e-06 5 4.54393 -0.456066
1.1e-06 5 4.54393 -0.456066
1.2e-06 5 4.54393 -0.456066
1.3e-06 5 4.54393 -0.456066
1.4e-06 5 4.54393 -0.456066
1.5e-06 5 4.54393 -0.456066
1.6e-06 5 4.54393 -0.456066
1.7e-06 5 4.54393 -0.456066
1.8e-06 5 4.54393 -0.456066
1.9e-06 5 4.54393 -0.456066
2e-06 5 4.54393 -0.456066
2.1e-06 5 4.54393 -0.456066
2.2e-06 5 4.54393 -0.456066
2.3e-06 5 4.54393 -0.456066
2.4e-06 5 4.54393 -0.456066
2.5e-06 5 4.54393 -0.456066
2.6e-06 5 4.54393 -0.456066
2.7e-06 5 4.54393 -0.456066
2.8e-06 5 4.54393 -0.456066
2.9e-06 5 4.54393 -0.456066
3e-06 5 4.54393 -0.456066
3.1e-06 5 4.54393 -0.456066
3.2e-06 5 4.54393 -0.456066
3.3e-06 5 4.54393 -0.456066
3.4e-06 5 4.54393 -0.456066
3.5e-06 5 4.54393 -0.456066
3.6e-06 5 4.54393 -0.456066
3.7e-06 5 4.54393 -0.456066
3.8e-06 5 4.54393 -0.456066
3.9e-06 5 4.54393 -0.456066
4e-06 5 4.54393 -0.456066
4.1e-06 5 4.54393 -0.456066
4.2e-06 5 4.54393 -0.456066
4.3e-06 5 4.54393 -0.456066
4.4e-06 5 4.54393 -0.456066
4.5e-06 5 4.54393 -0.456066
4.6e-06 5 4.54393 -0.456066
4.7e-06 5 4.54393 -0.456066
4.8e-06 5 4.54393 -0.456066
4.9e-06 5 4.54393 -0.456066
5e-06 5 4.54393 -0.456066
5.1e-06 5 4.54393 -0.456066
5.2e-06 5 4.54393 -0.456066
5.3e-06 5 4.54393 -0.456066
5.4e-06 5 4.54393 -0.456066
5.5e-06 5 4.54393 -0.456066
5.6e-06 5 4.54393 -0.456066
5.7e-06 5 4.54393 -0.456066
5.8e-06 5 4.54393 -0.456066
5.9e-06 5 4.54393 -0.456066
6e-06 5 4.54393 -0.456066
6.1e-06 5 4.54393 -0.456066
6.2e-06 5 4.54393 -0.456066
6.3e-06 5 4.54393 -0.456066
6.4e-06 5 4.54393 -0.456066
6.5e-06 5 4.54393 -0.456066
6.6e-06 5 4.54393 -0.456066
6.7e-06 5 4.54393 -0.456066
6.8e-06 5 4.54393 -0.456066
6.9e-06 5 4.54393 -0.456066
7e-06 5 4.54393 -0.456066
7.1e-06 5 4.54393 -0.456066
7.2e-06 5 4.54393 -0.456066
7.3e-06 5 4.54393 -0.456066
7.4e-06 5 4.54393 -0.456066
7.5e-06 5 4.54393 -0.456066
7.6e-06 5 4.54393 -0.456066
7.7e-06 5 4.54393 -0.456066
7.8e-06 5 4.54393 -0.456066
7.9e-06 5 4.54393 -0.456066
8e-06 5 4.54393 -0.456066
8.1e-06 5 4.54393 -0.456066
8.2e-06 5 4.54393 -0.456066
8.3e-06 5 4.54393 -0.456066
8.4e-06 5 4.54393 -0.456066
8.5e-06 5 4.54393 -0.456066
8.6e-06 5 4.54393 -0.456066
8.7e-06 5 4.54393 -0.456066
8.8e-06 5 4.54393 -0.456066
8.9e-06 5 4.54393 -0.456066
9e-06 5 4.54393 -0.456066
9.1e-06 5 4.54393 -0.456066
9.2e-06 5 4.54393 -0.456066
9.3e-06 5 4.54393 -0.456066
9.4e-06 5 4.54393 -0.456066
9.5e-06 5 4.54393 -0.456066
9.6e-06 5 4.54393 -0.456066
9.7e-06 5 4.54393 -0.456066
9.8e-06 5 4.54393 -0.456066
9.9e-06 5 4.54393 -0.456066
1e-05 5 4.54393 -0.456066
1.01e-05 5 4.54393 -0.456066
1.02e-05 5 4.54393 -0.456066
1.03e-05 5 4.54393 -0.456066
1.04e-05 5 4.54393 -0.456066
1.05e-05 5 4.54393 -0.456066
1.06e-05 5 4.54393 -0.456066
1.07e-05 5 4.54393 -0.456066
1.08e-05 5 4.54393 -0.456066
1.09e-05 5 4.54393 -0.456066
1.1e-05 5 4.54393 -0.456066
1.11e-05 5 4.54393 -0.456066
1.12e-05 5 4.54393 -0.456066
1.13e-05 5 4.54393 -0.456066
1.14e-05 5 4.54393 -0.456066
1.15e-05 5 4.54393 -0.456066
1.16e-05 5 4.54393 -0.456066
1.17e-05 5 4.54393 -0.456066
1.18e-05 5 4.54393 -0.456066
1.19e-05 5 4.54393 -0.456066
1.2e-05 5 4.54393 -0.456066
1.21e-05 5 4.54393 -0.456066
1.22e-05 5 4.54393 -0.456066
1.23e-05 5 4.54393 -0.456066
1.24e-05 5 4.54393 -0.456066
1.25e-05 5 4.54393 -0.456066
1.26e-05 5 4.54393 -0.456066
1.27e-05 5 4.54393 -0.456066
1.28e-05 5 4.54393 -0.456066
1.29e-05 5 4.54393 -0.456066
1.3e-05 5 4.54393 -0.456066
1.31e-05 5 4.54393 -0.456066
1.32e-05 5 4.54393 -0.456066
1.33e-05 5 4.54393 -0.456066
1.34e-05 5 4.54393 -0.456066
1.35e-05 5 4.54393 -0.456066
1.36e-05 5 4.54393 -0.456066
1.37e-05 5 4.54393 -0.456066
1.38e-05 5 4.54393 -0.456066
1.39e-05 5 4.54393 -0.456066
1.4e-05 5 4.54393 -0.456066
1.41e-05 5 4.54393 -0.456066
1.42e-05 5 4.54393 -0.456066
1.43e-05 5 4.54393 -0.456066
1.44e-05 5 4.54393 -0.456066
1.45e-05 5 4.54393 -0.456066
1.46e-05 5 4.54393 -0.456066
1.47e-05 5 4.54393 -0.456066
1.48e-05 5 4.54393 -0.456066
1.49e-05 5 4.54393 -0.456066
1.5e-05 5 4.54393 -0.456066
1.51e-05 5 4.54393 -0.456066
1.52e-05 5 4.54393 -0.456066
1.53e-05 5 4.54393 -0.456066
1.54e-05 5 4.54393 -0.456066
1.55e-05 5 4.54393 -0.456066
1.56e-05 5 4.54393 -0.456066
1.57e-05 5 4.54393 -0.456066
1.58e-05 5 4.54393 -0.456066
1.59e-05 5 4.54393 -0.456066
1.6e-05 5 4.54393 -0.456066
1.61e-05 5 4.54393 -0.456066
1.62e-05 5 4.54393 -0.456066
1.63e-05 5 4.54393 -0.456066
1.64e-05 5 4.54393 -0.456066
1.65e-05 5 4.54393 -0.456066
1.66e-05 5 4.54393 -0.456066
1.67e-05 5 4.54393 -0.456066
1.68e-05 5 4.54393 -0.456066
1.69e-05 5 4.54393 -0.456066
1.7e-05 5 4.54393 -0.456066
1.71e-05 5 4.54393 -0.456066
1.72e-05 5 4.54393 -0.456066
1.73e-05 5 4.54393 -0.456066
1.74e-05 5 4.54393 -0.456066
1.75e-05 5 4.54393 -0.456066
1.76e-05 5 4.54393 -0.456066
1.77e-05 5 4.54393 -0.456066
1.78e-05 5 4.54393 -0.456066
1.79e-05 5 4.54393 -0.456066
1.8e-05 5 4.54393 -0.456066
1.81e-05 5 4.54393 -0.456066
1.82e-05 5 4.54393 -0.456066
1.83e-05 5 4.54393 -0.456066
1.84e-05 5 4.54393 -0.456066
1.85e-05 5 4.54393 -0.456066
1.86e-05 5 4.54393 -0.456066
1.87e-05 5 4.54393 -0.456066
1.88e-05 5 4.54393 -0.456066
1.89e-05 5 4.54393 -0.456066
1.9e-05 5 4.54393 -0.456066
1.91e-05 5 4.54393 -0.456066
1.92e-05 5 4.54393 -0.456066
1.93e-05 5 4.54393 -0.456066
1.94e-05 5 4.54393 -0.456066
1.95e-05 5 4.54393 -0.456066
1.96e-05 5 4.54393 -0.456066
1.97e-05 5 4.54393 -0.456066
1.98e-05 5 4.54393 -0.456066
1.99e-05 5 4.54393 -0.456066
2e-05 5 4.54393 -0.456066
2.01e-05 5 4.54393 -0.456066
2.02e-05 5 4.54393 -0.456066
2.03e-05 5 4.54393 -0.456066
2.04e-05 5 4.54393 -0.456066
2.05e-05 5 4.54393 -0.456066
2.06e-05 5 4.54393 -0.456066
2.07e-05 5 4.54393 -0.456066
2.08e-05 5 4.54393 -0.456066
2.09e-05 5 4.54393 -0.456066
2.1e-05 5 4.54393 -0.456066
2.11e-05 5 4.54393 -0.456066
2.12e-05 5 4.54393 -0.456066
2.13e-05 5 4.54393 -0.456066
2.14e-05 5 4.54393 -0.456066
2.15e-05 5 4.54393 -0.456066
2.16e-05 5 4.54393 -0.456066
2.17e-05 5 4.54393 -0.456066
2.18e-05 5 4.54393 -0.456066
2.19e-05 5 4.54393 -0.456066
2.2e-05 5 4.54393 -0.456066
2.21e-05 5 4.54393 -0.456066
2.22e-05 5 4.54393 -0.456066
2.23e-05 5 4.54393 -0.456066
2.24e-05 5 4.54393 -0.456066
2.25e-05 5 4.54393 -0.456066
2.26e-05 5 4.54393 -0.456066
2.27e-05 5 4.54393 -0.456066
2.28e-05 5 4.54393 -0.456066
2.29e-05 5 4.54393 -0.456066
2.3e-05 5 4.54393 -0.456066
2.31e-05 5 4.54393 -0.456066
2.32e-05 5 4.54393 -0.456066
2.33e-05 5 4.54393 -0.456066
2.34e-05 5 4.54393 -0.456066
2.35e-05 5 4.54393 -0.456066
2.36e-05 5 4.54393 -0.456066
2.37e-05 5 4.54393 -0.456066
2.38e-05 5 4.54393 -0.456066
2.39e-05 5 4.54393 -0.456066
2.4e-05 5 4.54393 -0.456066
2.41e-05 5 4.54393 -0.456066
2.42e-05 5 4.54393 -0.456066
2.43e-05 5 4.54393 -0.456066
2.44e-05 5 4.54393 -0.456066
2.45e-05 5 4.54393 -0.456066
2.46e-05 5 4.54393 -0.456066
2.47e-05 5 4.54393 -0.456066
2.48e-05 5 4.54393 -0.456066
2.49e-05 5 4.54393 -0.456066
2.5e-05 5 4.54393 -0.456066
2.51e-05 5 4.54393 -0.456066
2.52e-05 5 4.54393 -0.456066
2.53e-05 5 4.54393 -0.456066
2.54e-05 5 4.54393 -0.456066
2.55e-05 5 4.54393 -0.456066
2.56e-05 5 4.54393 -0.456066
2.57e-05 5 4.54393 -0.456066
2.58e-05 5 4.54393 -0.456066
2.59e-05 5 4.54393 -0.456066
2.6e-05 5 4.54393 -0.456066
2.61e-05 5 4.54393 -0.456066
2.62e-05 5 4.54393 -0.456066
2.63e-05 5 4.54393 -0.456066
2.64e-05 5 4.54393 -0.456066
2.65e-05 5 4.54393 -0.456066
2.66e-05 5 4.54393 -0.456066
2.67e-05 5 4.54393 -0.456066
2.68e-05 5 4.54393 -0.456066
2.69e-05 5 4.54393 -0.456066
2.7e-05 5 4.54393 -0.456066
2.71e-05 5 4.54393 -0.456066
2.72e-05 5 4.54393 -0.456066
2.73e-05 5 4.54393 -0.456066
2.74e-05 5 4.54393 -0.456066
2.75e-05 5 4.54393 -0.456066
2.76e-05 5 4.54393 -0.456066
2.77e-05 5 4.54393 -0.456066
2.78e-05 5 4.54393 -0.456066
2.79e-05 5 4.54393 -0.456066
2.8e-05 5 4.54393 -0.456066
2.81e-05 5 4.54393 -0.456066
2.82e-05 5 4.54393 -0.456066
2.83e-05 5 4.54393 -0.456066
2.84e-05 5 4.54393 -0.456066
2.85e-05 5 4.54393 -0.456066
2.86e-05 5 4.54393 -0.456066
2.87e-05 5 4.54393 -0.456066
2.88e-05 5 4.54393 -0.456066
2.89e-05 5 4.54393 -0.456066
2.9e-05 5 4.54393 -0.456066
2.91e-05 5 4.54393 -0.456066
2.92e-05 5 4.54393 -0.456066
2.93e-05 5 4.54393 -0.456066
2.94e-05 5 4.54393 -0.456066
2.95e-05 5 4.54393 -0.456066
2.96e-05 5 4.54393 -0.456066
2.97e-05 5 4.54393 -0.456066
2.98e-05 5 4.54393 -0.456066
2.99e-05 5 4.54393 -0.456066
3e-05 5 4.54393 -0.456066
3.01e-05 5 4.54393 -0.456066
3.02e-05 5 4.54393 -0.456066
3.03e-05 5 4.54393 -0.456066
3.04e-05 5 4.54393 -0.456066
3.05e-05 5 4.54393 -0.456066
3.06e-05 5 4.54393 -0.456066
3.07e-05 5 4.54393 -0.456066
3.08e-05 5 4.54393 -0.456066
3.09e-05 5 4.54393 -0.456066
3.1e-05 5 4.54393 -0.456066
3.11e-05 5 4.54393 -0.456066
3.12e-05 5 4.54393 -0.456066
3.13e-05 5 4.54393 -0.456066
3.14e-05 5 4.54393 -0.456066
3.15e-05 5 4.54393 -0.456066
3.16e-05 5 4.54393 -0.456066
3.17e-05 5 4.54393 -0.456066
3.18e-05 5 4.54393 -0.456066
3.19e-05 5 4.54393 -0.456066
3.2e-05 5 4.54393 -0.456066
3.21e-05 5 4.54393 -0.456066
3.22e-05 5 4.54393 -0.456066
3.23e-05 5 4.54393 -0.456066
3.24e-05 5 4.54393 -0.456066
3.25e-05 5 4.54393 -0.456066
3.26e-05 5 4.54393 -0.456066
3.27e-05 5 4.54393 -0.456066
3.28e-05 5 4.54393 -0.456066
3.29e-05 5 4.54393 -0.456066
3.3e-05 5 4.54393 -0.456066
3.31e-05 5 4.54393 -0.456066
3.32e-05 5 4.54393 -0.456066
3.33e-05 5 4.54393 -0.456066
3.34e-05 5 4.54393 -0.456066
3.35e-05 5 4.54393 -0.456066
3.36e-05 5 4.54393 -0.456066
3.37e-05 5 4.54393 -0.456066
3.38e-05 5 4.54393 -0.456066
3.39e-05 5 4.54393 -0.456066
3.4e-05 5 4.54393 -0.456066
3.41e-05 5 4.54393 -0.456066
3.42e-05 5 4.54393 -0.456066
3.43e-05 5 4.54393 -0.456066
3.44e-05 5 4.54393 -0.456066
3.45e-05 5 4.54393 -0.456066
3.46e-05 5 4.54393 -0.456066
3.47e-05 5 4.54393 -0.456066
3.48e-05 5 4.54393 -0.456066
3.49e-05 5 4.54393 -0.456066
3.5e-05 5 4.54393 -0.456066
3.51e-05 5 4.54393 -0.456066
3.52e-05 5 4.54393 -0.456066
3.53e-05 5 4.54393 -0.456066
3.54e-05 5 4.54393 -0.456066
3.55e-05 5 4.54393 -0.456066
3.56e-05 5 4.54393 -0.456066
3.57e-05 5 4.54393 -0.456066
3.58e-05 5 4.54393 -0.456066
3.59e-05 5 4.54393 -0.456066
3.6e-05 5 4.54393 -0.456066
3.61e-05 5 4.54393 -0.456066
3.62e-05 5 4.54393 -0.456066
3.63e-05 5 4.54393 -0.456066
3.64e-05 5 4.54393 -0.456066
3.65e-05 5 4.54393 -0.456066
3.66e-05 5 4.54393 -0.456066
3.67e-05 5 4.54393 -0.456066
3.68e-05 5 4.54393 -0.456066
3.69e-05 5 4.54393 -0.456066
3.7e-05 5 4.54393 -0.456066
3.71e-05 5 4.54393 -0.456066
3.72e-05 5 4.54393 -0.456066
3.73e-05 5 4.54393 -0.456066
3.74e-05 5 4.54393 -0.456066
3.75e-05 5 4.54393 -0.456066
3.76e-05 5 4.54393 -0.456066
3.77e-05 5 4.54393 -0.456066
3.78e-05 5 4.54393 -0.456066
3.79e-05 5 4.54393 -0.456066
3.8e-05 5 4.54393 -0.456066
3.81e-05 5 4.54393 -0.456066
3.82e-05 5 4.54393 -0.456066
3.83e-05 5 4.54393 -0.456066
3.84e-05 5 4.54393 -0.456066
3.85e-05 5 4.54393 -0.456066
3.86e-05 5 4.54393 -0.456066
3.87e-05 5 4.54393 -0.456066
3.88e-05 5 4.54393 -0.456066
3.89e-05 5 4.54393 -0.456066
3.9e-05 5 4.54393 -0.456066
3.91e-05 5 4.54393 -0.456066
3.92e-05 5 4.54393 -0.456066
3.93e-05 5 4.54393 -0.456066
3.94e-05 5 4.54393 -0.456066
3.95e-05 5 4.54393 -0.456066
3.96e-05 5 4.54393 -0.456066
3.97e-05 5 4.54393 -0.456066
3.98e-05 5 4.54393 -0.456066
3.99e-05 5 4.54393 -0.456066
4e-05 5 4.54393 -0.456066
4.01e-05 5 4.54393 -0.456066
4.02e-05 5 4.54393 -0.456066
4.03e-05 5 4.54393 -0.456066
4.04e-05 5 4.54393 -0.456066
4.05e-05 5 4.54393 -0.456066
4.06e-05 5 4.54393 -0.456066
4.07e-05 5 4.54393 -0.456066
4.08e-05 5 4.54393 -0.456066
4.09e-05 5 4.54393 -0.456066
4.1e-05 5 4.54393 -0.456066
4.11e-05 5 4.54393 -0.456066
4.12e-05 5 4.54393 -0.456066
4.13e-05 5 4.54393 -0.456066
4.14e-05 5 4.54393 -0.456066
4.15e-05 5 4.54393 -0.456066
4.16e-05 5 4.54393 -0.456066
4.17e-05 5 4.54393 -0.456066
4.18e-05 5 4.54393 -0.456066
4.19e-05 5 4.54393 -0.456066
4.2e-05 5 4.54393 -0.456066
4.21e-05 5 4.54393 -0.456066
4.22e-05 5 4.54393 -0.456066
4.23e-05 5 4.54393 -0.456066
4.24e-05 5 4.54393 -0.456066
4.25e-05 5 4.54393 -0.456066
4.26e-05 5 4.54393 -0.456066
4.27e-05 5 4.54393 -0.456066
4.28e-05 5 4.54393 -0.456066
4.29e-05 5 4.54393 -0.456066
4.3e-05 5 4.54393 -0.456066
4.31e-05 5 4.54393 -0.456066
4.32e-05 5 4.54393 -0.456066
4.33e-05 5 4.54393 -0.456066
4.34e-05 5 4.54393 -0.456066
4.35e-05 5 4.54393 -0.456066
4.36e-05 5 4.54393 -0.456066
4.37e-05 5 4.54393 -0.456066
4.38e-05 5 4.54393 -0.456066
4.39e-05 5 4.54393 -0.456066
4.4e-05 5 4.54393 -0.456066
4.41e-05 5 4.54393 -0.456066
4.42e-05 5 4.54393 -0.456066
4.43e-05 5 4.54393 -0.456066
4.44e-05 5 4.54393 -0.456066
4.45e-05 5 4.54393 -0.456066
4.46e-05 5 4.54393 -0.456066
4.47e-05 5 4.54393 -0.456066
4.48e-05 5 4.54393 -0.456066
4.49e-05 5 4.54393 -0.456066
4.5e-05 5 4.54393 -0.456066
4.51e-05 5 4.54393 -0.456066
4.52e-05 5 4.54393 -0.456066
4.53e-05 5 4.54393 -0.456066
4.54e-05 5 4.54393 -0.456066
4.55e-05 5 4.54393 -0.456066
4.56e-05 5 4.54393 -0.456066
4.57e-05 5 4.54393 -0.456066
4.58e-05 5 4.54393 -0.456066
4.59e-05 5 4.54393 -0.456066
4.6e-05 5 4.54393 -0.456066
4.61e-05 5 4.54393 -0.456066
4.62e-05 5 4.54393 -0.456066
4.63e-05 5 4.54393 -0.456066
4.64e-05 5 4.54393 -0.456066
4.65e-05 5 4.54393 -0.456066
4.66e-05 5 4.54393 -0.456066
4.67e-05 5 4.54393 -0.456066
4.68e-05 5 4.54393 -0.456066
4.69e-05 5 4.54393 -0.456066
4.7e-05 5 4.54393 -0.456066
4.71e-05 5 4.54393 -0.456066
4.72e-05 5 4.54393 -0.456066
4.73e-05 5 4.54393 -0.456066
4.74e-05 5 4.54393 -0.456066
4.75e-05 5 4.54393 -0.456066
4.76e-05 5 4.54393 -0.456066
4.77e-05 5 4.54393 -0.456066
4.78e-05 5 4.54393 -0.456066
4.79e-05 5 4.54393 -0.456066
4.8e-05 5 4.54393 -0.456066
4.81e-05 5 4.54393 -0.456066
4.82e-05 5 4.54393 -0.456066
4.83e-05 5 4.54393 -0.456066
4.84e-05 5 4.54393 -0.456066
4.85e-05 5 4.54393 -0.456066
4.86e-05 5 4.54393 -0.456066
4.87e-05 5 4.54393 -0.456066
4.88e-05 5 4.54393 -0.456066
4.89e-05 5 4.54393 -0.456066
4.9e-05 5 4.54393 -0.456066
4.91e-05 5 4.54393 -0.456066
4.92e-05 5 4.54393 -0.456066
4.93e-05 5 4.54393 -0.456066
4.94e-05 5 4.54393 -0.456066
4.95e-05 5 4.54393 -0.456066
4.96e-05 5 4.54393 -0.456066
4.97e-05 5 4.54393 -0.456066
4.98e-05 5 4.54393 -0.456066
4.99e-05 5 4.54393 -0.456066
5e-05 5 4.54393 -0.456066
5.01e-05 5 4.54393 -0.456066
5.02e-05 5 4.54393 -0.456066
5.03e-05 5 4.54393 -0.456066
5.04e-05 5 4.54393 -0.456066
5.05e-05 5 4.54393 -0.456066
5.06e-05 5 4.54393 -0.456066
5.07e-05 5 4.54393 -0.456066
5.08e-05 5 4.54393 -0.456066
5.09e-05 5 4.54393 -0.456066
5.1e-05 5 4.54393 -0.456066
5.11e-05 5 4.54393 -0.456066
5.12e-05 5 4.54393 -0.456066
5.13e-05 5 4.54393 -0.456066
5.14e-05 5 4.54393 -0.456066
5.15e-05 5 4.54393 -0.456066
5.16e-05 5 4.54393 -0.456066
5.17e-05 5 4.54393 -0.456066
5.18e-05 5 4.54393 -0.456066
5.19e-05 5 4.54393 -0.456066
5.2e-05 5 4.54393 -0.456066
5.21e-05 5 4.54393 -0.456066
5.22e-05 5 4.54393 -0.456066
5.23e-05 5 4.54393 -0.456066
5.24e-05 5 4.54393 -0.456066
5.25e-05 5 4.54393 -0.456066
5.26e-05 5 4.54393 -0.456066
5.27e-05 5 4.54393 -0.456066
5.28e-05 5 4.54393 -0.456066
5.29e-05 5 4.54393 -0.456066
5.3e-05 5 4.54393 -0.456066
5.31e-05 5 4.54393 -0.456066
5.32e-05 5 4.54393 -0.456066
5.33e-05 5 4.54393 -0.456066
5.34e-05 5 4.54393 -0.456066
5.35e-05 5 4.54393 -0.456066
5.36e-05 5 4.54393 -0.456066
5.37e-05 5 4.54393 -0.456066
5.38e-05 5 4.54393 -0.456066
5.39e-05 5 4.54393 -0.456066
5.4e-05 5 4.54393 -0.456066
5.41e-05 5 4.54393 -0.456066
5.42e-05 5 4.54393 -0.456066
5.43e-05 5 4.54393 -0.456066
5.44e-05 5 4.54393 -0.456066
5.45e-05 5 4.54393 -0.456066
5.46e-05 5 4.54393 -0.456066
5.47e-05 5 4.54393 -0.456066
5.48e-05 5 4.54393 -0.456066
5.49e-05 5 4.54393 -0.456066
5.5e-05 5 4.54393 -0.456066
5.51e-05 5 4.54393 -0.456066
5.52e-05 5 4.54393 -0.456066
5.53e-05 5 4.54393 -0.456066
5.54e-05 5 4.54393 -0.456066
5.55e-05 5 4.54393 -0.456066
5.56e-05 5 4.54393 -0.456066
5.57e-05 5 4.54393 -0.456066
5.58e-05 5 4.54393 -0.456066
5.59e-05 5 4.54393 -0.456066
5.6e-05 5 4.54393 -0.456066
5.61e-05 5 4.54393 -0.456066
5.62e-05 5 4.54393 -0.456066
5.63e-05 5 4.54393 -0.456066
5.64e-05 5 4.54393 -0.456066
5.65e-05 5 4.54393 -0.456066
5.66e-05 5 4.54393 -0.456066
5.67e-05 5 4.54393 -0.456066
5.68e-05 5 4.54393 -0.456066
5.69e-05 5 4.54393 -0.456066
5.7e-05 5 4.54393 -0.456066
5.71e-05 5 4.54393 -0.456066
5.72e-05 5 4.54393 -0.456066
5.73e-05 5 4.54393 -0.456066
5.74e-05 5 4.54393 -0.456066
5.75e-05 5 4.54393 -0.456066
5.76e-05 5 4.54393 -0.456066
5.77e-05 5 4.54393 -0.456066
5.78e-05 5 4.54393 -0.456066
5.79e-05 5 4.54393 -0.456066
5.8e-05 5 4.54393 -0.456066
5.81e-05 5 4.54393 -0.456066
5.82e-05 5 4.54393 -0.456066
5.83e-05 5 4.54393 -0.456066
5.84e-05 5 4.54393 -0.456066
5.85e-05 5 4.54393 -0.456066
5.86e-05 5 4.54393 -0.456066
5.87e-05 5 4.54393 -0.456066
5.88e-05 5 4.54393 -0.456066
5.89e-05 5 4.54393 -0.456066
5.9e-05 5 4.54393 -0.456066
5.91e-05 5 4.54393 -0.456066
5.92e-05 5 4.54393 -0.456066
5.93e-05 5 4.54393 -0.456066
5.94e-05 5 4.54393 -0.456066
5.95e-05 5 4.54393 -0.456066
5.96e-05 5 4.54393 -0.456066
5.97e-05 5 4.54393 -0.456066
5.98e-05 5 4.54393 -0.456066
5.99e-05 5 4.54393 -0.456066
6e-05 5 4.54393 -0.456066
6.01e-05 5 4.54393 -0.456066
6.02e-05 5 4.54393 -0.456066
6.03e-05 5 4.54393 -0.456066
6.04e-05 5 4.54393 -0.456066
6.05e-05 5 4.54393 -0.456066
6.06e-05 5 4.54393 -0.456066
6.07e-05 5 4.54393 -0.456066
6.08e-05 5 4.54393 -0.456066
6.09e-05 5 4.54393 -0.456066
6.1e-05 5 4.54393 -0.456066
6.11e-05 5 4.54393 -0.456066
6.12e-05 5 4.54393 -0.456066
6.13e-05 5 4.54393 -0.456066
6.14e-05 5 4.54393 -0.456066
6.15e-05 5 4.54393 -0.456066
6.16e-05 5 4.54393 -0.456066
6.17e-05 5 4.54393 -0.456066
6.18e-05 5 4.54393 -0.456066
6.19e-05 5 4.54393 -0.456066
6.2e-05 5 4.54393 -0.456066
6.21e-05 5 4.54393 -0.456066
6.22e-05 5 4.54393 -0.456066
6.23e-05 5 4.54393 -0.456066
6.24e-05 5 4.54393 -0.456066
6.25e-05 5 4.54393 -0.456066
6.26e-05 5 4.54393 -0.456066
6.27e-05 5 4.54393 -0.456066
6.28e-05 5 4.54393 -0.456066
6.29e-05 5 4.54393 -0.456066
6.3e-05 5 4.54393 -0.456066
6.31e-05 5 4.54393 -0.456066
6.32e-05 5 4.54393 -0.456066
6.33e-05 5 4.54393 -0.456066
6.34e-05 5 4.54393 -0.456066
6.35e-05 5 4.54393 -0.456066
6.36e-05 5 4.54393 -0.456066
6.37e-05 5 4.54393 -0.456066
6.38e-05 5 4.54393 -0.456066
6.39e-05 5 4.54393 -0.456066
6.4e-05 5 4.54393 -0.456066
6.41e-05 5 4.54393 -0.456066
6.42e-05 5 4.54393 -0.456066
6.43e-05 5 4.54393 -0.456066
6.44e-05 5 4.54393 -0.456066
6.45e-05 5 4.54393 -0.456066
6.46e-05 5 4.54393 -0.456066
6.47e-05 5 4.54393 -0.456066
6.48e-05 5 4.54393 -0.456066
6.49e-05 5 4.54393 -0.456066
6.5e-05 5 4.54393 -0.456066
6.51e-05 5 4.54393 -0.456066
6.52e-05 5 4.54393 -0.456066
6.53e-05 5 4.54393 -0.456066
6.54e-05 5 4.54393 -0.456066
6.55e-05 5 4.54393 -0.456066
6.56e-05 5 4.54393 -0.456066
6.57e-05 5 4.54393 -0.456066
6.58e-05 5 4.54393 -0.456066
6.59e-05 5 4.54393 -0.456066
6.6e-05 5 4.54393 -0.456066
6.61e-05 5 4.54393 -0.456066
6.62e-05 5 4.54393 -0.456066
6.63e-05 5 4.54393 -0.456066
6.64e-05 5 4.54393 -0.456066
6.65e-05 5 4.54393 -0.456066
6.66e-05 5 4.54393 -0.456066
6.67e-05 5 4.54393 -0.456066
6.68e-05 5 4.54393 -0.456066
6.69e-05 5 4.54393 -0.456066
6.7e-05 5 4.54393 -0.456066
6.71e-05 5 4.54393 -0.456066
6.72e-05 5 4.54393 -0.456066
6.73e-05 5 4.54393 -0.456066
6.74e-05 5 4.54393 -0.456066
6.75e-05 5 4.54393 -0.456066
6.76e-05 5 4.54393 -0.456066
6.77e-05 5 4.54393 -0.456066
6.78e-05 5 4.54393 -0.456066
6.79e-05 5 4.54393 -0.456066
6.8e-05 5 4.54393 -0.456066
6.81e-05 5 4.54393 -0.456066
6.82e-05 5 4.54393 -0.456066
6.83e-05 5 4.54393 -0.456066
6.84e-05 5 4.54393 -0.456066
6.85e-05 5 4.54393 -0.456066
6.86e-05 5 4.54393 -0.456066
6.87e-05 5 4.54393 -0.456066
6.88e-05 5 4.54393 -0.456066
6.89e-05 5 4.54393 -0.456066
6.9e-05 5 4.54393 -0.456066
6.91e-05 5 4.54393 -0.456066
6.92e-05 5 4.54393 -0.456066
6.93e-05 5 4.54393 -0.456066
6.94e-05 5 4.54393 -0.456066
6.95e-05 5 4.54393 -0.456066
6.96e-05 5 4.54393 -0.456066
6.97e-05 5 4.54393 -0.456066
6.98e-05 5 4.54393 -0.456066
6.99e-05 5 4.54393 -0.456066
7e-05 5 4.54393 -0.456066
7.01e-05 5 4.54393 -0.456066
7.02e-05 5 4.54393 -0.456066
7.03e-05 5 4.54393 -0.456066
7.04e-05 5 4.54393 -0.456066
7.05e-05 5 4.54393 -0.456066
7.06e-05 5 4.54393 -0.456066
7.07e-05 5 4.54393 -0.456066
7.08e-05 5 4.54393 -0.456066
7.09e-05 5 4.54393 -0.456066
7.1e-05 5 4.54393 -0.456066
7.11e-05 5 4.54393 -0.456066
7.12e-05 5 4.54393 -0.456066
7.13e-05 5 4.54393 -0.456066
7.14e-05 5 4.54393 -0.456066
7.15e-05 5 4.54393 -0.456066
7.16e-05 5 4.54393 -0.456066
7.17e-05 5 4.54393 -0.456066
7.18e-05 5 4.54393 -0.456066
7.19e-05 5 4.54393 -0.456066
7.2e-05 5 4.54393 -0.456066
7.21e-05 5 4.54393 -0.456066
7.22e-05 5 4.54393 -0.456066
7.23e-05 5 4.54393 -0.456066
7.24e-05 5 4.54393 -0.456066
7.25e-05 5 4.54393 -0.456066
7.26e-05 5 4.54393 -0.456066
7.27e-05 5 4.54393 -0.456066
7.28e-05 5 4.54393 -0.456066
7.29e-05 5 4.54393 -0.456066
7.3e-05 5 4.54393 -0.456066
7.31e-05 5 4.54393 -0.456066
7.32e-05 5 4.54393 -0.456066
7.33e-05 5 4.54393 -0.456066
7.34e-05 5 4.54393 -0.456066
7.35e-05 5 4.54393 -0.456066
7.36e-05 5 4.54393 -0.456066
7.37e-05 5 4.54393 -0.456066
7.38e-05 5 4.54393 -0.456066
7.39e-05 5 4.54393 -0.456066
7.4e-05 5 4.54393 -0.456066
7.41e-05 5 4.54393 -0.456066
7.42e-05 5 4.54393 -0.456066
7.43e-05 5 4.54393 -0.456066
7.44e-05 5 4.54393 -0.456066
7.45e-05 5 4.54393 -0.456066
7.46e-05 5 4.54393 -0.456066
7.47e-05 5 4.54393 -0.456066
7.48e-05 5 4.54393 -0.456066
7.49e-05 5 4.54393 -0.456066
7.5e-05 5 4.54393 -0.456066
7.51e-05 5 4.54393 -0.456066
7.52e-05 5 4.54393 -0.456066
7.53e-05 5 4.54393 -0.456066
7.54e-05 5 4.54393 -0.456066
7.55e-05 5 4.54393 -0.456066
7.56e-05 5 4.54393 -0.456066
7.57e-05 5 4.54393 -0.456066
7.58e-05 5 4.54393 -0.456066
7.59e-05 5 4.54393 -0.456066
7.6e-05 5 4.54393 -0.456066
7.61e-05 5 4.54393 -0.456066
7.62e-05 5 4.54393 -0.456066
7.63e-05 5 4.54393 -0.456066
7.64e-05 5 4.54393 -0.456066
7.65e-05 5 4.54393 -0.456066
7.66e-05 5 4.54393 -0.456066
7.67e-05 5 4.54393 -0.456066
7.68e-05 5 4.54393 -0.456066
7.69e-05 5 4.54393 -0.456066
7.7e-05 5 4.54393 -0.456066
7.71e-05 5 4.54393 -0.456066
7.72e-05 5 4.54393 -0.456066
7.73e-05 5 4.54393 -0.456066
7.74e-05 5 4.54393 -0.456066
7.75e-05 5 4.54393 -0.456066
7.76e-05 5 4.54393 -0.456066
7.77e-05 5 4.54393 -0.456066
7.78e-05 5 4.54393 -0.456066
7.79e-05 5 4.54393 -0.456066
7.8e-05 5 4.54393 -0.456066
7.81e-05 5 4.54393 -0.456066
7.82e-05 5 4.54393 -0.456066
7.83e-05 5 4.54393 -0.456066
7.84e-05 5 4.54393 -0.456066
7.85e-05 5 4.54393 -0.456066
7.86e-05 5 4.54393 -0.456066
7.87e-05 5 4.54393 -0.456066
7.88e-05 5 4.54393 -0.456066
7.89e-05 5 4.54393 -0.456066
7.9e-05 5 4.54393 -0.456066
7.91e-05 5 4.54393 -0.456066
7.92e-05 5 4.54393 -0.456066
7.93e-05 5 4.54393 -0.456066
7.94e-05 5 4.54393 -0.456066
7.95e-05 5 4.54393 -0.456066
7.96e-05 5 4.54393 -0.456066
7.97e-05 5 4.54393 -0.456066
7.98e-05 5 4.54393 -0.456066
7.99e-05 5 4.54393 -0.456066
8e-05 5 4.54393 -0.456066
8.01e-05 5 4.54393 -0.456066
8.02e-05 5 4.54393 -0.456066
8.03e-05 5 4.54393 -0.456066
8.04e-05 5 4.54393 -0.456066
8.05e-05 5 4.54393 -0.456066
8.06e-05 5 4.54393 -0.456066
8.07e-05 5 4.54393 -0.456066
8.08e-05 5 4.54393 -0.456066
8.09e-05 5 4.54393 -0.456066
8.1e-05 5 4.54393 -0.456066
8.11e-05 5 4.54393 -0.456066
8.12e-05 5 4.54393 -0.456066
8.13e-05 5 4.54393 -0.456066
8.14e-05 5 4.54393 -0.456066
8.15e-05 5 4.54393 -0.456066
8.16e-05 5 4.54393 -0.456066
8.17e-05 5 4.54393 -0.456066
8.18e-05 5 4.54393 -0.456066
8.19e-05 5 4.54393 -0.456066
8.2e-05 5 4.54393 -0.456066
8.21e-05 5 4.54393 -0.456066
8.22e-05 5 4.54393 -0.456066
8.23e-05 5 4.54393 -0.456066
8.24e-05 5 4.54393 -0.456066
8.25e-05 5 4.54393 -0.456066
8.26e-05 5 4.54393 -0.456066
8.27e-05 5 4.54393 -0.456066
8.28e-05 5 4.54393 -0.456066
8.29e-05 5 4.54393 -0.456066
8.3e-05 5 4.54393 -0.456066
8.31e-05 5 4.54393 -0.456066
8.32e-05 5 4.54393 -0.456066
8.33e-05 5 4.54393 -0.456066
8.34e-05 5 4.54393 -0.456066
8.35e-05 5 4.54393 -0.456066
8.36e-05 5 4.54393 -0.456066
8.37e-05 5 4.54393 -0.456066
8.38e-05 5 4.54393 -0.456066
8.39e-05 5 4.54393 -0.456066
8.4e-05 5 4.54393 -0.456066
8.41e-05 5 4.54393 -0.456066
8.42e-05 5 4.54393 -0.456066
8.43e-05 5 4.54393 -0.456066
8.44e-05 5 4.54393 -0.456066
8.45e-05 5 4.54393 -0.456066
8.46e-05 5 4.54393 -0.456066
8.47e-05 5 4.54393 -0.456066
8.48e-05 5 4.54393 -0.456066
8.49e-05 5 4.54393 -0.456066
8.5e-05 5 4.54393 -0.456066
8.51e-05 5 4.54393 -0.456066
8.52e-05 5 4.54393 -0.456066
8.53e-05 5 4.54393 -0.456066
8.54e-05 5 4.54393 -0.456066
8.55e-05 5 4.54393 -0.456066
8.56e-05 5 4.54393 -0.456066
8.57e-05 5 4.54393 -0.456066
8.58e-05 5 4.54393 -0.456066
8.59e-05 5 4.54393 -0.456066
8.6e-05 5 4.54393 -0.456066
8.61e-05 5 4.54393 -0.456066
8.62e-05 5 4.54393 -0.456066
8.63e-05 5 4.54393 -0.456066
8.64e-05 5 4.54393 -0.456066
8.65e-05 5 4.54393 -0.456066
8.66e-05 5 4.54393 -0.456066
8.67e-05 5 4.54393 -0.456066
8.68e-05 5 4.54393 -0.456066
8.69e-05 5 4.54393 -0.456066
8.7e-05 5 4.54393 -0.456066
8.71e-05 5 4.54393 -0.456066
8.72e-05 5 4.54393 -0.456066
8.73e-05 5 4.54393 -0.456066
8.74e-05 5 4.54393 -0.456066
8.75e-05 5 4.54393 -0.456066
8.76e-05 5 4.54393 -0.456066
8.77e-05 5 4.54393 -0.456066
8.78e-05 5 4.54393 -0.456066
8.79e-05 5 4.54393 -0.456066
8.8e-05 5 4.54393 -0.456066
8.81e-05 5 4.54393 -0.456066
8.82e-05 5 4.54393 -0.456066
8.83e-05 5 4.54393 -0.456066
8.84e-05 5 4.54393 -0.456066
8.85e-05 5 4.54393 -0.456066
8.86e-05 5 4.54393 -0.456066
8.87e-05 5 4.54393 -0.456066
8.88e-05 5 4.54393 -0.456066
8.89e-05 5 4.54393 -0.456066
8.9e-05 5 4.54393 -0.456066
8.91e-05 5 4.54393 -0.456066
8.92e-05 5 4.54393 -0.456066
8.93e-05 5 4.54393 -0.456066
8.94e-05 5 4.54393 -0.456066
8.95e-05 5 4.54393 -0.456066
8.96e-05 5 4.54393 -0.456066
8.97e-05 5 4.54393 -0.456066
8.98e-05 5 4.54393 -0.456066
8.99e-05 5 4.54393 -0.456066
9e-05 5 4.54393 -0.456066
9.01e-05 5 4.54393 -0.456066
9.02e-05 5 4.54393 -0.456066
9.03e-05 5 4.54393 -0.456066
9.04e-05 5 4.54393 -0.456066
9.05e-05 5 4.54393 -0.456066
9.06e-05 5 4.54393 -0.456066
9.07e-05 5 4.54393 -0.456066
9.08e-05 5 4.54393 -0.456066
9.09e-05 5 4.54393 -0.456066
9.1e-05 5 4.54393 -0.456066
9.11e-05 5 4.54393 -0.456066
9.12e-05 5 4.54393 -0.456066
9.13e-05 5 4.54393 -0.456066
9.14e-05 5 4.54393 -0.456066
9.15e-05 5 4.54393 -0.456066
9.16e-05 5 4.54393 -0.456066
9.17e-05 5 4.54393 -0.456066
9.18e-05 5 4.54393 -0.456066
9.19e-05 5 4.54393 -0.456066
9.2e-05 5 4.54393 -0.456066
9.21e-05 5 4.54393 -0.456066
9.22e-05 5 4.54393 -0.456066
9.23e-05 5 4.54393 -0.456066
9.24e-05 5 4.54393 -0.456066
9.25e-05 5 4.54393 -0.456066
9.26e-05 5 4.54393 -0.456066
9.27e-05 5 4.54393 -0.456066
9.28e-05 5 4.54393 -0.456066
9.29e-05 5 4.54393 -0.456066
9.3e-05 5 4.54393 -0.456066
9.31e-05 5 4.54393 -0.456066
9.32e-05 5 4.54393 -0.456066
9.33e-05 5 4.54393 -0.456066
9.34e-05 5 4.54393 -0.456066
9.35e-05 5 4.54393 -0.456066
9.36e-05 5 4.54393 -0.456066
9.37e-05 5 4.54393 -0.456066
9.38e-05 5 4.54393 -0.456066
9.39e-05 5 4.54393 -0.456066
9.4e-05 5 4.54393 -0.456066
9.41e-05 5 4.54393 -0.456066
9.42e-05 5 4.54393 -0.456066
9.43e-05 5 4.54393 -0.456066
9.44e-05 5 4.54393 -0.456066
9.45e-05 5 4.54393 -0.456066
9.46e-05 5 4.54393 -0.456066
9.47e-05 5 4.54393 -0.456066
9.48e-05 5 4.54393 -0.456066
9.49e-05 5 4.54393 -0.456066
9.5e-05 5 4.54393 -0.456066
9.51e-05 5 4.54393 -0.456066
9.52e-05 5 4.54393 -0.456066
9.53e-05 5 4.54393 -0.456066
9.54e-05 5 4.54393 -0.456066
9.55e-05 5 4.54393 -0.456066
9.56e-05 5 4.54393 -0.456066
9.57e-05 5 4.54393 -0.456066
9.58e-05 5 4.54393 -0.456066
9.59e-05 5 4.54393 -0.456066
9.6e-05 5 4.54393 -0.456066
9.61e-05 5 4.54393 -0.456066
9.62e-05 5 4.54393 -0.456066
9.63e-05 5 4.54393 -0.456066
9.64e-05 5 4.54393 -0.456066
9.65e-05 5 4.54393 -0.456066
9.66e-05 5 4.54393 -0.456066
9.67e-05 5 4.54393 -0.456066
9.68e-05 5 4.54393 -0.456066
9.69e-05 5 4.54393 -0.456066
9.7e-05 5 4.54393 -0.456066
9.71e-05 5 4.54393 -0.456066
9.72e-05 5 4.54393 -0.456066
9.73e-05 5 4.54393 -0.456066
9.74e-05 5 4.54393 -0.456066
9.75e-05 5 4.54393 -0.456066
9.76e-05 5 4.54393 -0.456066
9.77e-05 5 4.54393 -0.456066
9.78e-05 5 4.54393 -0.456066
9.79e-05 5 4.54393 -0.456066
9.8e-05 5 4.54393 -0.456066
9.81e-05 5 4.54393 -0.456066
9.82e-05 5 4.54393 -0.456066
9.83e-05 5 4.54393 -0.456066
9.84e-05 5 4.54393 -0.456066
9.85e-05 5 4.54393 -0.456066
9.86e-05 5 4.54393 -0.456066
9.87e-05 5 4.54393 -0.456066
9.88e-05 5 4.54393 -0.456066
9.89e-05 5 4.54393 -0.456066
9.9e-05 5 4.54393 -0.456066
9.91e-05 5 4.54393 -0.456066
9.92e-05 5 4.54393 -0.456066
9.93e-05 5 4.54393 -0.456066
9.94e-05 5 4.54393 -0.456066
9.95e-05 5 4.54393 -0.456066
9.96e-05 5 4.54393 -0.456066
9.97e-05 5 4.54393 -0.456066
9.98e-05 5 4.54393 -0.456066
9.99e-05 5 4.54393 -0.456066
0.0001 5 4.54393 -0.456066
